491914491
6777982578
803907102
8441049729
5242054725
5497647695
6117786341
6888898780
793632735
7943153832
1001745699
413599717
347348378
5617748747
5424422606
8252444277
8590827310
911574655
8393569570
884930176
468807500
929578090
1191785363
1381420136
627160452
1099971142
8568518577
601770689
5591795489
8491499821
5240797572
7373716190
746133244
6467992384
5268350759
1606414335
1397200803
6171596155
540182421
1062087438
1499759831
957333960
6550907879
8516307690
1864442323
7716187888
7859193174
954976401
881567561
1277554467
250543006
1432460750
1682635362
1604587718
874334278
1041945929
542384901
7152241988
1430455424
1430455424
952153920
525185333
8284373765
1046782743
7186278575
329916293
8470232415
8130913783
439947430
974753395
552298303
140188334
671611007
178168586
364176004
905901665
909562586
8520433401
305387319
6402616862
2115589601
956523543
1102244157
720822921
1262553564
1288163649
2080379192
1736557193
627207652
8086269453
938031823
877525089
6671623584
1053468106
8413216307
1143882331
1541816397
6500101740
918310899
665758607
1296013198
6667534811
1495806393
1346061523
7330838013
532489757
538150028
1695363338
1169863304
5712022846
5560932397
7390380955
7396326906
5118082533
7209140149
1784827458
6997590332
509198365
901952957
903640203
7345277102
1262553564
837735824
5572208190
1912778766
1866753774
5615541341
442181400
5615541341
358752243
916595930
5620735801
418731152
5461961841
1365311520
7525712989
812144422
921379963
2039176413
537745914
5054254586
319661644
7817099196
6326810594
1708709172
7614163137
1352144195
6318122715
6975387086
5254967030
802417041
5130031830
638682189
1165555042
970837484
6745293964
5618179155
1832010802
5840956690
330147603
1053468106
6842002431
768793358
1028788285
5006828532
1125035929
1041097923
6923223724
991213293
5155011123
1352124225
418345166
971218657
6712593434
980373314
1877511061
483720038
1046264518
5938618617
918061631
805881112
1936915866
812285939
1434232302
6040220168
689365293
1217309899
534393380
743179296
349995422
471363768
460170341
353011906
1392841861
1796438957
719551206
720629329
451654530
194277298
1539908793
951194091
1278412266
8190325472
1273171697
1793318306
8130392332
988161622
1935578653
1070071864
5715628560
7401893268
1351301162
1063827502
786594571
786594571
346393339
578942288
5633784473
1290358255
172914663
923158904
1797883705
914270372
1016578711
2057153881
1432354929
5043442684
7727361533
1367055007
987529991
5553708701
5072841476
8353520980
8517893890
5236322117
5236322117
1178214516
919616987
969683661
1000292469
478041351
741568995
955398875
1376563458
5075732044
1393109729
165384293
1219331959
7667200267
1639018404
7676003774
1168179470
725031584
241993107
1137558059
1366356238
6062188186
7140832802
7365589306
8216253317
391463924
7616878251
1451228715
8243722767
1115582031
6367889829
974665659
6560694248
5776449472
742358188
7365589306
7365589306
7365589306
7365589306
5168383149
1172693610
2013886675
596466315
602831885
8161671917
722688537
5127396649
7382942692
7666965263
7555795639
876579197
849762316
986545149
996164333
483720038
5223609024
7548881076
1478986366
557266465
153142307
1045346077
8736677237
8413216307
7154340686
5618515448
8182708610
1209247094
994278096
5544790003
1091237049
976420246
655633995
5480666560
1499806367
503928626
1184191675
693577001
6321371868
1659619313
917923046
1059613595
517905362
5297877936
1725989834
860423334
5182216033
297043327
7349062433
751818751
6696374585
5782897938
6456998165
960944464
813386746
6858533062
8498951022
2040107923
8498951022
2066888810
6717187487
7550154476
8413160100
1240455046
994932050
7830222271
8366641021
6518486239
7264895743
1140877737
823218466
1283098203
1222025075
1652876696
684373075
1966440168
931907344
6169176928
1302725165
5048454336
1233679950
6443015902
1324097555
5122808304
1639937494
8203997725
2119929666
172368743
1979754756
6273501375
849062245
6322775370
1319536037
950239623
1235597484
1047450280
6811490697
1090493520
707311079
737368573
7451966471
532804053
607574470
1717412261
1003216699
1750712589
1608939653
844482955
5730646447
740628493
8080237840
1296153684
489540928
241993107
243737
599326088
5836933489
546630281
8785439167
348602087
5633437928
454115518
5270398341
6255807378
6255807378
7819416963
1520565968
5781919477
6325355487
6748495818
486020680
448984301
950239623
8039662031
7159327849
5736091042
444172369
7482283355
822014487
822014487
1381546065
6104603998
1763804117
5736091042
1312471649
1728709994
6451268161
1650899090
6999381188
5644577123
7911161442
443701124
6857474673
1351249725
148615071
5798520844
447510037
8480747602
2138261989
5766338407
1118123337
1151930410
1644630595
251055548
1118574969
302958865
897533595
650899106
1020357691
1310502661
1669159419
7816220218
604718543
7318827433
517566955
5054810914
2023250778
589279914
1475118876
5680561718
7116801208
8263062852
808262713
627794807
403164272
1014404410
5041447478
536622119
5137158354
439362940
1044684390
772146327
725978401
1297860009
6052853884
8256000901
8473376612
797981114
6768118711
1272846248
5408762956
811090356
1266143319
1803777022
946740323
445177092
435290876
1077220928
2136676298
5195945989
8413557655
5314433813
956027407
560135822
945412868
6505033150
5223279215
8473376612
1019133250
1019133250
7276058209
799264097
1895538853
6858576743
7803327533
1240849081
1530565260
8407309706
1731307466
5028008382
1025534268
1446228762
8397161372
914855705
5401999416
7389668215
945896561
1967832435
1181263544
1713221390
6362702204
7284715774
5661375226
2053766046
5280205290
8674359180
6173720616
6173720616
444324565
7234669437
1224213057
883827318
6367719278
404988200
554360824
554360824
1091515005
470517046
5292935715
1495782156
860691164
905101284
649215165
721858868
1856086797
5436532516
1190790041
8477955020
7459891453
6802461323
1300568063
1862732599
5676957027
418376873
843324018
125158875
1609212280
1710644748
752887618
947656135
1856086797
1063608554
5057335577
2070345796
7948029789
6930038718
607519858
1025603519
925846100
7591423906
603098165
1383872534
1442612879
5033205482
7559407850
7559407850
256369094
655342779
1434129886
1115251021
2037364599
5940174046
974665659
1796151168
823295599
8747679890
7029447301
5302566497
1776878568
7387685663
1139375878
1555875213
1044333010
5941567880
7830222271
7848770745
8198389090
724842555
77696837
1315194479
1091487196
5040449875
6180263778
8546268584
1150259112
621812731
516704593
1446228762
1218588643
579106901
1798142397
8599234394
2053766046
721527633
1020357691
548847322
8533041885
848117463
5734588203
5261402943
918750332
5479685339
5117809622
859728676
898707929
8317463458
7460769338
7907149378
6009876946
1137764018
8003742914
804157747
599555676
773616433
7906325574
1033586239
1984738863
7419176452
1813320528
956026860
631681558
6119210631
5277061447
677930147
6146986698
1100573802
300027170
562796690
5766587116
1866840503
816022345
461449369
7679910661
1406403341
8132040888
768054973
5212673399
381967758
1190790041
899802582
8258624702
6489317110
8392553273
1244386804
6354329599
5878183412
7687132290
612723779
1634527793
6661081011
8132798766
6752114519
2074895663
707334528
945606342
1601573510
5302566497
1495977819
5492251545
6053889617
7592835579
918406059
1020324884
2116444864
8388958877
510084702
955041228
5393720235
7736731424
5839338356
907451213
7505098068
5275919818
7365589306
6950560042
709667980
684703388
8099832874
196955884
749479257
5629593257
649916682
2039886040
471728309
5054678564
6972749114
5701186811
1907895255
5700526234
1024247302
6304768011
474605894
6422282439
1039447818
5191945711
8259470511
5191945711
949937676
5191945711
903623340
8290974518
5023456951
5150886294
8300114699
593387051
7928904131
1142762407
503654076
6133092439
271803561
1377504710
474844051
725031584
8417927557
8417927557
5646237363
6400608905
5847047325
5093406411
880121115
5238854824
8729942971
861326720
6826675525
1914299675
44824608
1237996237
1079183880
1486355425
1486355425
971480538
5118571430
932301456
763933005
8542191807
5084327485
1289663928
1539904776
772417552
7906325574
5076991958
6663393687
1007641311
627794807
8305744986
1318497248
368717413
1783904050
854519352
1009451662
6698428588
816973269
439947430
1310147715
1680485813
674377042
674377042
1169880183
835129491
7796635700
826502424
1418612974
8438183911
1445022116
8216860221
669115093
930718478
5963740971
881996774
5547651750
7131998598
919625504
973312062
8021733252
1026946835
7094794015
7638308729
1002786845
1961345823
2094933813
5135631761
1009452476
8029832562
779315950
613517714
692361759
1482422067
1764920563
782578592
191458733
6378348941
7938080545
967562335
8503943240
6502579395
5150886294
1488124288
6959306824
1396849609
1611945795
791590667
8007156070
474844051
7022793002
6510610490
1079593420
945101413
7988467229
1539904776
5339981270
7529609276
5103775658
1914299675
1584387217
1758008163
5049857686
6364298295
6943388383
7568139375
196955884
942314236
6376165294
8078621551
1058033739
1505071132
1894605885
7896146184
1416431157
2045121528
846104566
8406240238
6888898780
8384541024
6584571783
948098802
948098802
1156413766
5311329650
8425499261
432897153
1575054053
1031898730
7200926784
5241599614
992140549
6004739049
6218873052
246048362
1121728164
1383992630
2053744053
7301445587
1104518237
1360773218
1168150802
8287744200
2106083751
7320459839
737828759
8492306278
768055166
732755604
5072841476
537950184
8453562822
478672782
648898798
1835685221
7626471117
1050560211
5305047604
143320099
1535834825
6552344886
879286868
887727602
5937615408
6192351330
5330739594
1802591865
808262713
606902138
878403718
807516107
872058460
1401110799
1255086657
1906615982
1947299165
1883345376
8612559873
978843798
353142506
7868020839
6518983850
939179159
1565413376
5853348106
5194363476
7843527676
1741882627
739753786
7313783130
914419087
5478832200
6721084333
886824037
6357601175
7105895577
365093538
1108551859
1122231016
388415125
2042840084
8349470479
1702874931
8162673379
1537656633
1376729338
6470942772
1659031605
1269232127
8453562822
1209131132
831086323
8404366612
1142719556
5873576721
6478657097
6495833547
884930176
98920970
658417767
772253194
8004411036
8374216692
7274721247
7459891453
998465756
8487673900
1848996795
6253130780
6787063157
8341498649
889115410
785685231
1182515567
5493586401
6191018925
6340814730
6792644729
305387319
8325276235
955041228
1235216833
1860015016
6378348941
5668777603
5580277375
737029719
893448810
1272472566
6824089998
5305047604
261313946
747429608
5982238631
1442938064
1784827458
1125168294
8476152299
1204069566
540182421
6870858808
7859193174
89523627
739753786
418731152
8470232415
338361630
887727602
747582251
8236539060
825607246
5301666341
38997820
7667200267
5354119249
349296345
8552689455
1067518558
852210181
8491499821
5939738770
6549105069
1310384359
8590827310
7010951160
8517893890
8272002069
5123362330
8540697306
7843527676
889115410
2136089744
5215550434
1108551859
6572975519
8291166680
803832800
1265323385
1169880183
988161622
5332356452
8086269453
271345653
7982115389
250543006
593387051
8183740149
1860015016
6308039302
1169409215
308769531
1910964468
493258046
1215261614
6117786341
1386813894
518767916
1604587718
5683671811
5863926637
1001745699
7781754329
2133606313
996471514
6308039302
6166114381
1622339397
931249768
5441000709
5271575414
5271575414
495036972
140188334
1162180110
1639768633
1673281007
1066894578
7705243583
875492653
983797741
1793072013
1257374783
1091237049
2014690990
5544790003
503928626
638165632
338361630
6899861179
1776662042
8491089933
1075925877
976420246
805881112
986283974
1347192387
860423334
1059613595
2047272262
1810733559
463254205
6456998165
7454533458
8325839278
6986064129
5291281606
5424350857
813386746
6688637829
1184191675
643447155
1499806367
386946359
5454947480
901952957
1966440168
8216860221
5653293947
737368573
1302725165
1263978546
6248782031
8510426535
5618515448
1493279439
324290973
5122808304
1979754756
434862709
391463924
1639937494
1700443633
6308039302
1904619476
6482931581
6588159907
6338526265
8334630344
8293103913
1319536037
2053528992
1319536037
1324097555
5914194461
100546626
2139473574
5127250769
8563980425
5022530499
1652876696
1864442323
1046573861
8552536816
1608939653
1376563458
596466315
599326088
1003216699
5750997435
728378834
241993107
2074869058
766254303
6176013415
1952207165
427965671
6176013415
5254325985
5574799162
546630281
8132798766
7366680654
1105573197
658417767
7781608456
1008971617
5026151589
819412352
6135173299
953074607
5781919477
5781919477
984353978
674074342
971213227
8050563250
8562867515
7130341052
8102373851
8562867515
680192748
6795123679
5257055251
8387651686
1956151544
989952665
418345166
822014487
822014487
8272880400
7482283355
70413807
820436658
5840956690
1085943923
969683661
8213878581
1364982832
7548881076
5526114714
643513776
1618683234
6451268161
495014393
905878497
1381546065
817160203
1029537938
5164725570
905027537
7624288710
6457656
6325355487
517566955
1715862297
7848357089
1102577967
5191945711
700861893
7266923800
5054810914
1101035456
5547976946
841530174
1118123337
983871963
7318827433
1289663928
1539803082
1277105024
453876087
135105760
8166210901
560135822
707311079
439362940
536622119
2138261989
7338871401
1640644315
866307963
7381643187
1082599614
1266143319
1033324423
688974348
6147823435
5091037779
6147823435
6905260181
748941145
880084395
811218710
729687979
148013990
789871947
1654162184
722688537
5223279215
853139842
1434232302
980373314
6768118711
1973363759
1019133250
1167913422
767582636
1240849081
8259849747
8182708610
7525529609
1181263544
6325355487
8076513369
6104993405
1665973252
8235210765
8287744200
2020224929
1803777022
6352901534
1297860009
7389668215
770187943
141894747
1338670056
5874856532
933524666
883827318
562796690
7277034348
501707782
909171748
7516439837
552696940
245281134
6534369885
1224213057
7982946233
7982946233
6728711003
1989646751
6827241312
6827241312
680912681
818600100
1866359333
727535773
924293142
8491089933
8265433699
1044137359
1059375343
786357408
5222176937
1235432665
8582537688
7948029789
323042675
5531191132
724842555
1409541994
7692094516
1633438738
1352144195
733949049
843224763
5567848232
192654292
842537065
531476699
1311120311
7956633518
1315194479
7002269656
531476699
961781304
5718784153
7190562304
6225876919
5051518993
6587394806
1334099068
6460806787
8379506908
1167922562
5162443005
1639768633
6890060689
5952910232
750321783
271345653
1766269039
6278936005
6507372949
5739190903
942210158
994733482
880121115
7105895577
903019763
5108939110
5076991958
1334276496
5629593257
816973269
1252923733
1137764018
732116509
630817408
883570655
5547651750
1173081848
6188870076
803832800
8144014204
1112345466
588815786
1644630595
1445022116
623619562
1210371359
7817099196
701008929
6192351330
8394205909
1055916140
932301456
7438564451
702729735
702729735
238778556
987529991
349832824
1058643210
265062613
5560578016
8404366612
8082589557
8427816675
1031898730
1284262687
615014617
816973269
7568139375
725031584
1872872631
1201379930
808262713
737751786
1469953427
7907149378
6934019642
932114561
1108551859
5094316398
813812261
826644296
77696837
245281134
5241599614
8491499821
466816044
750285675
547714746
1295905700
1162180110
6308039302
6308039302
5939738770
1524761866
1731806298
5683671811
6756219609
988161622
782231051
474030579
6874215286
1011555665
1533419037
2136694736
6946535851
1120809157
6308039302
8284553048
5254325985
6308039302
939326327
7804019535
6957008895
807130659
1251757261
5037021157
2020191388
2107192081
808840695
1732926967
8099832874
8593167366
8279552614
5959150431
481082519
1125071188
825211728
8347007055
6308039302
6308039302
1726837863
5502323965
1041577471
1006853299
5982238631
6286425392
355986937
2024317205
452399022
916042793
760452725
7948029789
8558860834
6600842662
7928904131
vpn
vpn
vpn
vpn
vpn
vpn
vpn
vpn
vpn
vpn
